473231736             473231752  473231756  473231756
473231760             473231776  473231780  473231780
473231784             473231800  473231804  473231804
473231808             473231824  473231828  473231828
473231832             473231848  473231852  473231852
473231856             473231872  473231876  473231876
473231880             473231896  473231900  473231900
473231904             473231920  473231924  473231924
473231928             473231944  473231948  473231948
473231952             473231968  473231972  473231972
